825
212181036
2115305676
0
723888255
95534009
1307227008
0
1507594010
1920275301
781926564
958667359
468886982
499876352
1845251249
2109454731
0
2072213757
0
0
431262958
1298776177
0
0
468497810
2112913821
2029406588
124988367
1834220742
0
373884792
1497405243
1308505034
0
0
768236207
0
0
59124536
556621587
0
971412549
675266444
1138758247
953940815
452552393
1441140288
1172101683
863667602
339999997
50778661
0
0
683591736
1684459505
1878113514
340906690
1542515212
665225509
1273641935
0
562881881
823446616
0
1574685042
148834605
2081834932
580228734
723811974
533160713
1572858728
1181404171
1139169530
1980996349
11003213
0
674876886
1258612944
736412816
1809059539
1317770578
698582957
237591676
2076580183
396735847
0
1629136680
614459067
2110984314
0
781801644
1633884662
0
1358922513
1714275296
513049410
1982403962
0
0
356677247
0
677194953
1931119120
717303515
590100842
609857309
177000533
890281951
1145371110
1723588561
1708699928
1346085667
788236035
255603549
169330052
264887047
559219766
0
1949625920
1598010635
1973104074
0
2017100109
776897487
2098045326
152983257
914506833
435939043
965102723
2064579941
1096441812
0
2052128087
473005312
0
356134387
1901262547
1802862021
1988015364
1806953007
1116939591
601033297
255172936
128617203
1048878547
658637685
1312091828
1563669055
1256902343
1592102344
1746530952
1236443690
0
0
0
1506049207
0
207267928
511999624
2087403619
1499642290
375985213
934297717
1657232431
730006342
381267833
243181289
1382954850
160207514
485020029
365435157
1776361462
0
1046902329
1345381152
1654289427
1585266026
333898949
0
1351838367
2031303838
0
2099947680
1578495402
54068723
0
538281957
1374133558
1155615102
759938473
208671345
2078308251
1283184914
400055557
0
0
1746736414
778511640
1522403416
506467011
1458085450
1182244021
242141076
1585837431
1228907006
0
1742585481
647259578
441653850
0
0
1762025927
1664711990
0
1639126344
2009443570
2008212538
119668252
582490396
1811569118
273953910
1153917560
2018769193
414448107
1875018963
2084355452
491939060
2103300702
1771153926
929462720
386878624
1803271427
620531530
0
217718997
0
713004646
0
1669186921
737118882
1827291034
733025013
436260460
2047694551
1620702886
176465801
0
1928012939
2140935026
311215181
1405078900
1342766767
605641046
875871089
1134383337
0
1683749418
201412101
1304148645
0
286620071
305346137
1737412025
566359755
480485946
419526101
1444709260
338498711
1278148966
1313261225
0
124386443
1972562570
1452194645
1823961876
0
1737872286
1285427312
2044115112
0
0
1669510653
0
340324775
1158808319
1476316969
1071943904
1931803419
2095677954
1640493821
629564540
1229400215
1774621695
1825989168
1841198296
1782211083
150395650
1102028884
1496054980
2015531447
31044550
935505584
0
2096887858
673964458
26651733
1185575012
148344367
364933207
769792185
1379532544
595541083
1340619186
0
2113091516
902062447
451110102
31752905
0
2032814179
1940165506
0
1367643244
1056830719
0
0
1102873520
446725099
1477892338
382016380
654079389
0
410732254
588955057
1526257456
296320571
1272886650
560749412
1045260028
1567077438
1634810670
1725587201
1926969161
364546171
0
1562813221
1539440284
0
1706519902
0
54699696
479893867
1528062426
0
1958183004
0
99623310
1762964809
0
681168043
0
1087092333
47913629
0
0
1603009593
1088042601
0
0
1332658732
982858668
307944367
1553058767
35425457
1469337208
1128461331
0
155168181
0
0
1401609334
381728393
1961296025
316052763
0
0
618799756
306981335
334358694
0
282047864
0
117278738
1613464717
1377731109
0
1391181399
587933089
51197040
1174436259
0
0
0
1356245311
1106411974
1986487073
908564248
293902819
759614474
50201021
1349578684
1411100903
329543022
1172452129
1948650840
1658575722
1024700778
338058021
318898301
392888078
893977814
527930025
1390850768
0
569394866
168310101
2141819396
0
1325211006
1758149553
0
961823691
1041370898
295326189
1970530964
1934371047
1140109958
750162905
376318088
399303203
454380714
0
297183076
634306551
0
792384313
314275088
1588240771
259129203
1527222733
1868090244
463336582
437712886
465340568
595223504
0
1504862546
0
1275304308
1997197719
0
2137279897
384761385
1697343499
2141585266
965053925
1030281533
23505983
7531550
723453009
0
0
1221453738
1170787085
2125632700
0
2055168446
467990657
0
0
0
1112778348
507532749
1681871863
878534182
0
0
0
1826435203
1761411517
123773092
1341898399
0
1703692209
786938928
430582411
1620403274
510296229
1363812092
2020280247
0
2113464273
0
1449650611
147369514
1759153012
1065974676
0
0
845210129
847687376
944745075
318501122
50713197
1448391348
1812224447
712444190
0
0
529119771
1165260282
319992789
691161924
0
495451574
2106121329
0
1109791466
1483133834
1637921085
813132084
1680325463
1638064342
0
1421470304
1336885763
0
984018485
594895324
533610790
2061045782
45857297
841909632
0
1183501363
1159491357
1663092317
1513294727
1064690398
574740881
1457216760
941008698
571878146
759010236
654450316
487930135
1787825566
2024263144
117145536
709467659
1873651002
68720269
1599182644
336992151
1291297334
2079759985
267630608
1886331955
0
397565717
1936149860
832750022
463774558
956853513
23914880
0
328087338
532379365
498236293
1716471519
1796102687
633962168
832080985
612798035
583271154
1362259981
0
372357415
1303454774
1638805833
1506244400
41551715
0
128967765
1857920597
2012920751
1678751774
508292177
2033188169
1378862635
441946186
1570929669
163116332
0
0
286177393
1679634776
755129675
277393362
867139412
1826828444
527323831
0
2041621529
1824499417
0
0
1150390053
1099721876
253753575
190198118
582452473
284599816
1881651659
2022909858
1918273621
1472930428
920686167
1678599838
1567329977
907510400
1776057218
906686578
592752789
66136452
1643249775
1776018135
854550793
0
1228212058
330703106
0
412179844
0
1653580870
1924105753
5363032
531431171
177512978
0
1281759828
171300695
0
1727113913
981253776
1123479715
1690380722
0
693693284
730059815
1312177054
326373817
1847585945
1446492483
1169790570
1825061765
1846837460
0
163754559
1657410761
2129191840
280903475
132085554
7886956
1985561564
118520975
232906830
185635936
1795148553
1638868827
600620330
1764815469
1609067773
1905392071
610468174
1473812400
0
1227141643
1898711003
1742042860
1770958405
2020768223
47846742
1067167768
1248550528
2052689707
1036072306
531677277
1327229796
1504151214
0
1155271105
58260872
873806179
1811581786
1702356013
336388964
1288413751
1067519078
250563769
1398080296
1021921355
883903178
1522564684
1089732628
0
1073152118
0
487535401
2101857314
668000850
1325430501
1092412644
1667934471
384105766
516130585
117689376
1208974514
345929874
585030829
376040444
1482940047
0
535306161
687119912
606830491
1266626162
360736045
1998589492
927466999
0
967506408
1963672840
538231179
18819931
151317365
0
393918871
1510740174
772093945
2033928920
1302620955
2008290658
0
0
299674639
65792182
1702893617
0
1500654603
116744546
894988028
0
100743231
798783751
1603689704
0
2137335355
53003298
938295549
283226149
317899550
1863999958
0
0
155456043
1416425947
1779282245
604690540
1878487679
131036926
763128145
336829360
1340994427
280817818
1653938309
262534924
1563691583
171660382
1543591952
1821145736
2062900747
1154577523
1562106845
552185740
1307126447
1436684102
1575364304
700396689
1015887314
113465522
0
508357989
1933581375
0
126100369
297910625
0
563866850
823460964
2034209932
1226690639
1107215734
1240659712
1914096056
1673153450
0
1533249461
2074206572
172480535
0
197208721
1851142041
0
0
779092308
0
1327265159
0
1152401401
2099912281
2026463555
1270911442
0
399309893
969163071
1036655646
1759366625
0
1140776867
746185738
806285925
138093924
0
1599291926
1683402689
1495957288
0
1306936355
390053612
1983239372
1383985255
846013358
613689224
0
710910315
1544334794
1265842084
0
2104524502
897083654
1670232840
1671511569
0
1448072882
538622053
1865737524
332025511
0
99723561
0
478820083
1592381842
1780180621
175284133
68438990
22282950
0
1188635552
202467131
1681974515
0
1909564292
319238119
686364759
1643873625
1965502841
1141839075
1907086762
2100168668
633711164
0
438161374
175317257
685400857
0
1460023426
1398569820
1093997308
364418983
134053294
1118818473
38785841
448351682
0
1166051941
283355340
1228177750
204499694
369910033
1420272360
960891362
863239699
704690085
1446516149
391863087
312332870
173477649
1471459416
852382923
1339949874
913150789
460845100
1276867991
287407935
747082809
1010221329
729375403
1352750203
1058375781
1721103964
881970247
1808709911
157641121
324269936
0
634086034
344016453
99116500
1997859975
643033406
1014230433
1306011416
1682349123
2130589891
1309895013
1322496484
1007253751
0
1860630377
791202016
2120521923
507196707
1160110437
696992669
682191335
0
305739665
1249284649
1251400107
625379010
1043189285
0
0
1816829846
1751583193
1716787064
1572053555
867847482
974321029
243368213
2020230926
322951454
2026476072
1145160608
762860138
1073196002
55944045
1157394477
502467663
1223502822
1180432217
1103838000
217814586
0
223801180
1955259548
1961622567
0
1032590073
0
479259595
164538410
1603456493
361455876
2002382375
0
2087042009
126414761
0
0
