878
1832484173
99482974
6534375
24422156
1926753677
460629510
1513423721
752408274
1683265859
315442410
285679833
2098947606
84368367
1014636562
1551375375
938137414
470339535
1535452474
610047757
1532264546
744823575
1818733416
2059884913
1394295794
309007647
1509875688
2108585765
721418570
1954191801
1623953204
1964353641
1938192298
96309149
1717266212
1257734611
64969802
1366172429
1151270958
2119951683
347772138
562091417
1182841550
1119831407
344179352
1918558159
1319387362
1827919221
1273458484
150513959
225360238
1434988241
1760603130
960761955
438897376
808901481
1294477716
689181055
1769228412
1100751507
1517647870
1256065075
931121434
1880737371
1553839996
833226713
1959685780
1085451509
2018553098
1449388523
2114483904
1104516005
1034372616
1471715851
1951136530
1383621593
197452692
1163713189
1825182476
79960797
1560686806
166641733
468518852
261835485
1185000902
994079547
876234034
48782077
160305620
838653111
1693783386
954903391
2016579420
1218250241
1850408744
144848271
234875664
1962552741
922275364
1399924241
51218068
1416834761
1238536708
1698692291
1076731306
741593975
655494840
1953990409
2042468884
146742003
518550128
1677599419
132057134
1648028995
833776274
189551731
954583432
322692633
892304222
1453530757
1240999012
1750695939
410934874
340497361
887851558
2042713781
1390718540
1385723105
656216564
854301397
2139282346
384875647
2092112190
1395644567
24442328
99268527
0
600828513
1502186474
2092912839
2116518588
2117410497
652125650
1659960367
1326155324
2050333509
415904052
1891791385
841163812
558478647
973487120
724499761
826315632
475018685
1358195870
279159561
673983072
2037538947
1875087812
2069894371
1249379528
1783279513
912493070
950112811
1800107372
819441145
1573470266
1288117585
1991604710
0
1541010710
269590311
978585784
1765732219
880802888
1939306933
170355268
29094039
1600706718
1972949693
11171500
807130417
1471250600
555368221
241196802
438659125
185720606
902780687
59969974
1646916057
67430256
1642277201
40061508
1571571397
1955514150
1186818451
1312607364
1239146329
1941684482
596981647
1583187962
1172334707
1357055748
1874617445
1888547028
1372277927
1164734856
953161377
420336012
1115200227
517697504
1151369181
1088018934
2053302781
1826240570
634745191
0
84421211
601920542
1742013885
417285920
414248469
1454533138
2091433893
352469750
1298537563
2061606612
1957564857
0
139697183
1146259214
477392781
495496030
764531725
1188261358
1296215783
1012904110
732304411
1777299482
40418429
1101637158
2139114129
1729455378
561703133
644744172
1683528231
958826058
1531975263
1431785642
1693217901
955442332
850271064
1153723877
1754842118
1554998367
283986814
1311019739
768722402
306153649
359418670
893475503
647905582
1833446995
795709242
982182127
94278632
607757157
957148226
1936107835
1875042978
1214058315
974742374
391867961
1876799062
1011071943
752229582
1818486301
526902482
1803443237
1549452160
120396271
0
65477579
1433536738
252102123
907702756
673441913
362325070
602601241
1551749076
1914370489
1947381028
255118705
162239860
162216915
1370383802
881250161
375487470
1235814907
1695350622
135897679
601479062
792199407
195168110
2127966873
435208652
153705429
1288583056
1794010863
502001708
2141095033
490181090
283834019
1865454512
502794715
599843062
375600565
0
2062413997
1360387842
37393143
459364160
1510223901
273212994
930959497
0
2080679821
0
0
1824078670
345415485
785856020
1094909421
1235797478
1294155327
1552329052
1944164209
0
871226919
750747012
918965239
1457849928
809720157
2123378378
2063532031
34949534
288563595
1544538634
1821945703
139002954
1825573959
1690382108
834709535
589826434
983712393
437398414
141995561
1755266630
1415381995
1219230122
935510523
221557218
528479667
1378682364
0
1634656856
1807462753
1630978554
415822889
771452648
2052142957
1220805622
498710491
1430853348
976357183
1922553122
881643267
706003944
559073223
1701366254
1156987429
1015339914
239418531
1175871084
497222745
1072610398
776731599
1075219388
1346047889
142744118
0
1856975244
1225275361
1497470004
1648953799
475682320
1452883109
0
1186367841
883892682
1258432927
915779866
1416971433
1950616760
967257931
1590755892
697452915
1224325408
212519421
178615096
1213336091
963573580
787057613
1523970848
691524549
203598598
75991963
1288236664
476214537
258694186
946766959
1874116438
1243620621
1034061820
1429093895
653823092
325159959
1235443504
240947581
1091752892
15840153
863944938
1301046291
1235484840
1266550989
1404760286
2020710705
1888189848
768218519
1843189246
425136571
1729104054
307701817
580496806
227963603
1482076976
101033307
1770854774
576326819
408051800
1063924795
1895367476
0
1047253148
325322081
77054654
1747517797
847066482
0
966234184
1900444569
457995744
1394153725
1791077742
517791165
0
2126668345
10840406
0
866774004
1108974309
1470393254
0
595102918
360588093
0
173396903
1520592330
1784616063
1162428530
0
1116553762
684985945
124732570
1826234549
1235889384
227184769
82404378
94651905
145442828
1934110643
1883444604
419367981
1895465330
42055285
1842971306
465204057
835217470
133679473
1935023494
729023759
1213340778
2012237023
952617064
1237899501
1635658262
267444341
0
704847611
1952218278
1388538729
2061628244
731269565
1714930332
2082362945
1789100292
588864173
0
1779313923
992087906
661007075
1335591342
874812203
1473698360
932326519
1440922400
1844516879
1670150488
1095215277
1433788956
1697984465
1198369630
0
1211163534
0
1719196274
1742272967
1275800768
2043046769
57584014
2002349043
263200892
725733725
1208519450
473982149
1804695218
0
631113186
53896711
323429896
1831979393
0
853884305
1685031576
1440183199
1317793866
1611041489
981158896
1982119969
0
595852349
0
201198031
1415519050
0
1323271444
668355891
1239111696
1846036115
936780296
546640235
1805825178
1056817911
0
206714089
488325554
113983521
0
2126750591
2024152268
0
0
1149990349
591568472
0
521532666
343312027
1075504394
1219086045
0
368648497
566820030
652478229
224500678
1691845785
426286424
714502327
1740731870
1588928187
521491390
524707871
160944282
683889263
216218968
503691849
773482372
1398468355
1138042038
1463741261
1021029056
1194606253
1568279704
1017406325
0
995739387
156302098
978438135
0
1500194497
1209319256
363374267
0
0
966407242
1242885555
1167000406
1725037627
862308624
702301841
133277516
0
359457702
1019988377
139212316
1016013905
580202346
0
573900782
1548141023
2052771326
1811033013
601365828
763226447
1116721060
1336354345
0
984340993
1211062678
2070582495
282473356
616485605
1346563132
1776458577
2118723690
1383841207
1385088428
1202385311
293618482
0
880534256
0
699020076
1787832715
1093107936
12669777
2005750982
894071755
1549295676
296215917
297120096
1091920921
801684866
2025445975
1386254652
1081110929
0
1036050593
135450702
976622761
392174350
1185899121
0
1527895305
123404196
1336764751
130092868
798992637
2117016672
776216849
250850152
1234084333
1740251254
1807081243
875228058
575382325
455810848
1446366029
582088968
849088285
2093827844
1429429513
45416836
506542305
1546465270
15265153
1419784836
992592535
833063028
17680613
2070227718
1976950355
1171783874
2083329409
2010486212
1302558769
998612548
2029698915
391572258
1328152743
993904460
1082970163
2008427858
763998613
533359924
1750322243
443694828
884086163
1768493234
561936727
624990064
1069808721
1170766532
0
2122083818
641327157
1613017236
0
173784078
265741541
676999792
821705875
1095081634
1223372161
1562826846
937991113
0
893547425
28237398
787110167
192750410
1090351881
0
536268193
0
395708663
1777566714
1387398765
1917222174
1644744939
0
1626257007
0
1626475983
1424893416
1352818923
0
0
0
1349149935
1719133674
68944211
365555254
998879553
0
0
616944880
1960519863
0
1150644835
2009362160
1456004909
1998917996
0
1557061788
0
838103360
185134677
0
1850705887
0
0
417953142
483215595
0
1869030625
0
349002265
1781505218
0
0
1047091693
0
129683113
1571233140
229454463
0
1212732389
0
45574825
0
1530456043
0
0
1474672522
0
0
0
1336325386
0
1757445680
1421378113
194839100
1801330375
0
1045485495
1466623742
239643755
1300234152
561497619
1573805564
1458010611
2115534850
1376101859
1029025590
0
2038311046
912071931
0
1257011109
0
838576269
0
1998895639
1916293496
1226432679
0
72809441
2022335740
0
0
170990713
1582834950
482549235
0
0
282968870
1229901237
1007787596
2023982147
776644954
1197431291
1041063964
699759201
1667960388
437974155
0
2052782225
274942868
1174600357
1772869046
906105205
862401972
2005202869
1924068492
632811817
727192352
0
67704590
469795765
1839780340
1762764783
227001078
0
1116495094
0
0
1661156257
1019969992
1515695055
2040312816
2096555009
232295890
981881375
887943128
178932411
1668000122
1077328607
1460920780
1219855563
0
1308623265
297013508
0
0
1942415367
1925850514
829530003
159465972
71960847
0
0
0
1661656277
0
1852449185
585623700
2018810241
0
1328773083
1519982462
199526725
1463189318
0
1774935822
124923807
606901192
0
1581230956
167158401
1361900392
0
1788233804
2818639
1742217988
1108264249
0
1817989767
673726730
993532735
786213148
1137366953
2011699686
341559101
1735405128
1526481787
1931256662
1244271389
0
1618740171
1052214904
0
0
2007267777
1754362546
1460280137
0
0
0
820633127
1002969040
269687067
1419879024
0
601363664
0
2066119640
2073915133
2135909124
1674365055
1860438740
591489551
798573776
1330280263
0
1894337027
513303442
0
1081694736
1309633731
428077158
1209987829
543625522
1077947117
1554818680
1764260669
422541562
0
520019116
0
0
0
0
1277781887
1236636112
0
1809757836
0
356491814
2111706373
2020641424
376441323
