924
1191952280
1309932170
1364632246
791708255
161372268
2130334398
1453612054
1751509055
74138827
2058748890
231815441
1073961379
537505440
1118444758
1893021941
1568087107
1950235819
838414093
1690822518
840384512
0
571141441
2109364973
996479347
1746548624
545098370
2006269882
1835495099
0
676368398
0
617684883
1528865628
1514574786
683810993
1559960824
1273614991
1932333365
1950079565
312168883
551874235
1234050874
2035153809
832923639
320811175
1995462694
1128435722
1642511163
774283315
123528593
2106511054
1008891336
517821247
1327800718
786054282
0
1152916996
2016975765
202540817
2013019963
1802168708
0
1893377581
1075433911
1603626547
1935298717
1393254009
1037870936
2079294228
0
1729007442
1556798579
741781411
1117643129
910945769
1982845664
266115783
658392974
337779542
129495095
1413294011
1965547181
836383089
948115623
1026563104
1813562229
1697416322
1820210012
1472356507
881505113
0
0
2065803759
28859485
37809261
1410469375
1876699696
2045768378
1210977865
1875259616
347086039
1991115622
1561090589
1659408476
144594443
1825110557
522813750
656495432
1049997068
75139766
191647205
1819901219
1509248579
722655130
0
0
1440363199
1695650118
901307730
886939087
1965030576
175641658
1123878118
1068098571
146919656
1181169613
498053557
128555244
827865067
212116602
1926779049
304200571
1679905920
1521665009
2081021301
1282550532
718060579
1874953545
1927471065
543884667
149575711
1671396561
1156468322
1703196460
0
313555418
1928013882
834207831
665397479
455853897
0
1664723412
2097528523
1718679346
13426721
722653288
2016630648
956187614
0
12992587
2001486475
1339278137
1487307257
1976148032
1156211271
310020862
2073607510
620492291
1656759328
0
0
1659578271
1746257844
2095436022
113148893
1098180047
1949752979
1772865877
1009140033
532581176
2112151335
1560506093
1209344373
1574850323
1268014211
234545786
129593497
1109370904
427745175
495035774
463428606
1717757103
791446484
906702722
678720273
1925655595
631029007
1127224013
1726341453
896891884
1337151827
1474672901
344213886
1551467119
1777100428
1388411977
1986665685
2060487636
1110655940
972165589
1515408097
0
0
917038894
765910506
589802059
1736023083
1710579466
1844145545
1969988475
0
1924685894
668071810
304773212
610265923
163203226
1261791225
1665416923
538025060
139358014
19248366
1656039548
1184252964
1794217154
0
2025732163
0
506016997
929208525
607738708
708631432
1273535497
2037356249
1395227295
432954580
2925078
1630905877
2083255092
55518328
455498674
1586742137
1147288035
804438752
1584904121
1997163861
1877944660
1782274800
1535847498
1071598970
198531535
878436952
991916753
160529869
147881303
0
196458837
620029521
1012036096
796311736
1653913094
117995218
203206836
2014545056
1164495130
1354752337
1152991447
2012859095
1368683921
435457541
513318635
1871086443
319114153
2105376010
343505719
355327303
2003855877
2126773238
55317379
810086820
311260765
1932232233
2121417208
0
0
788429486
1499925812
1156060859
1008211989
1647927494
2058450615
1851580759
1760922198
744159989
1194423263
0
2006810858
1877347601
1831984744
485629376
576838270
694579722
291499636
2054133883
2106519737
1861557918
1396435863
1973456407
2017935705
636613342
1749322195
104969992
773546890
861710094
1080413352
571697080
1389826765
0
228675804
1425365355
0
1030673478
1542489656
0
1781981669
511364414
959002855
1596768236
1609362602
1487913602
0
0
186880781
630552730
0
822146032
358072237
944268761
679444127
1583617159
1040074929
49038909
729407300
1901943891
1319711258
1067152481
1295277704
975010695
1726855713
2058816373
1687305428
0
261905130
1231472785
446333624
342297367
397739894
2116391430
852358607
112818379
940712581
7957438
0
1429750776
1094692958
0
1696275180
1787313888
0
2101929346
17330312
925490071
1539620225
1047442194
2072432623
2122671528
592623837
1985783697
278489008
997428188
685794921
1627895853
1785015564
350751924
1796544466
222808810
0
2115020012
883253630
597306066
2073836619
1261355596
255856578
297392305
0
0
241401117
156766981
523192516
1540745060
1251976741
625224974
2141546880
1295965463
470965665
2025228786
49704860
436576459
537582989
1233720065
1858031880
2029642231
2103826638
1482052122
1055419052
1551016844
733897810
817793210
2046309867
1842132239
1718696582
1412823922
793951956
157966856
365087373
191100449
197478608
1574704124
9058945
1289327074
1790483732
1308821275
937754241
196373129
1060016368
1258845495
1945645486
0
1640583980
1446145228
462686541
1578701577
1567066056
1177366552
1066061513
210935189
1866765499
1701116604
488130986
496767049
977996552
831003696
1701982333
1191544410
56804967
1015331012
2053358418
603825673
1764728496
1716994055
1713810221
533941685
250307603
996336019
1026579666
193426073
472765952
1084171311
909331366
220560301
1285526004
1281192123
914551453
70685534
51014007
252083072
1969337853
599191758
1758535164
1664590259
2119954961
605278386
1042578319
256365927
2039470190
1872450138
656528395
1815006124
1132976842
40328825
139616760
1964000944
707268750
1547064482
1048586067
1618156500
1014348570
1364163809
833412336
592384167
1584978038
1514568226
2066436444
1632094659
1910548049
1318980814
899592443
308881644
1665318861
936797486
1179449731
1532412660
796264898
1302269418
3441456
681958511
1697852461
195728765
1799265787
1351525179
0
1161136905
1136087803
1076961180
806249990
314161598
282890523
1020664972
240684789
863998561
268234776
2129705560
480587822
249489325
1035283164
0
549427082
175615169
864056752
798715727
1392227945
375279978
322325100
805094323
2135314957
1827575945
497758019
1941455280
1678838517
2028772374
1681092956
1794230499
1763343514
1935415126
135286183
1145441303
253818494
848425429
716119431
106958491
174522313
125622878
1203370904
0
1529416502
29118557
192672615
765603844
1128742394
505375233
1678768167
1719932951
1068872118
11855398
243621067
374109028
872775938
1236005474
466720680
1554983056
669926549
0
1296182180
1149768696
1781643625
1268870678
2127737552
269934463
0
0
75413740
667687952
406645410
1605923929
1418356543
756783327
125714062
869155165
338781687
1577113476
1073750754
542687201
287991144
352111344
84011825
730574558
791991852
629015108
1412159917
271030721
0
895314492
902659542
1268316010
1589448563
1096816083
1518168482
1706370425
23208456
1830617800
520058785
919458278
1368695948
284170560
1971473538
2027865769
919938480
1759356279
1959255245
1489701902
1817253635
1548753227
0
1963337182
1926333144
530891140
143981445
936147381
286919795
1493397948
1712965858
366856970
1354237119
1584357320
126934894
0
1963478315
1000336723
1259534329
0
1850042395
1927265752
1844620534
1566488781
780474839
1155386552
188346178
2141128186
1085372723
2108551935
857470473
2125487429
575211243
1273812667
861792409
1856564054
7934296
1639232880
0
1074203046
257244547
1230636427
959560242
1639670089
605399303
222867815
809739829
0
1346319860
35972011
1140518186
0
218932824
537536303
1713107421
1867149910
25204507
1482990984
1598974778
718946918
2007373115
2113620727
1416401201
0
1199326055
0
1738701221
719886977
569256267
1599207255
871126478
1326682037
1675127775
1493523723
27965234
750716353
1150316704
1736664148
1237702006
597547165
239048243
1555788683
1351145754
913729294
620766976
2005525928
0
843173125
385846243
1532237012
707968449
712790934
1167643496
1897547444
594560910
644955426
1837968027
741209491
1950128034
638863305
1605159592
299885080
1330860958
1768931829
272760115
543159531
2056611281
1981670394
2055524071
1676752447
121118990
1732741746
1982514076
572806603
610015777
889059606
1471759640
952288295
55464478
1580093466
1927314900
1432258976
2003892290
1313483358
375252907
2139176520
882453166
1838513045
1676457691
1048539420
2128674593
1976144390
1644635115
84164368
559738670
379872750
336005459
1594356220
0
937624706
1656144659
1117433008
1814339077
562711974
976755988
1327225652
2127134825
1975559778
1895809047
1814886423
1158502045
1492528189
1196147644
819611548
0
1493432162
1516005287
968054440
194055241
0
917249068
1068488008
1806301138
4780486
0
254878631
2083413521
1989458685
1696953540
578184204
1610746410
1445241017
2110738367
550469724
904612857
805971154
0
791463571
573611754
0
1353206895
1133789092
56967933
1470730877
1013821747
214840712
1104966810
0
1657083464
1205928064
0
0
836472532
0
65439837
442805001
0
121788095
823270677
1502341037
1382331068
1486286891
2029904546
0
2018261287
2145177784
1305206
362141506
1264838619
2093321443
821755738
0
2088042439
889712252
1257463697
2018704086
1127812863
1820235668
1970333345
498735985
794578371
60107511
1535251217
466594226
481712759
1383198283
970412818
2059105766
377913048
1412377364
21123182
1159352629
274650379
1190000819
1241636874
1911747505
1999439911
0
1197391006
1114702909
2012650188
1890492323
1793094437
201269465
960810856
1363845903
1843256574
880323517
660979091
716388235
673697018
1569603710
166185536
0
978059425
848241938
1411332643
451573364
1320845005
236490193
638740984
1685997440
42855590
1155504394
1669955507
276374875
62978394
255101622
1303171912
1040511336
642243670
2144861414
164029691
556934747
1737343362
296115990
1278210960
560798783
0
1961828390
1062956020
866039220
1988207725
848537490
1019872072
877128656
1901489753
646753394
1893567900
804169968
1393602338
72841638
2020008104
979728239
184506901
1465331834
2042499756
320453848
1632997073
323437065
988970160
639874391
1274679966
1254549213
1605506324
657938744
0
458346905
1493747095
329623304
1859417569
24804674
1173697860
844994147
0
329330910
487293784
1006221079
130567657
1392410914
1081048156
309837052
834189138
2104271234
1574587543
1620644768
73952974
672505477
1382707028
1990356323
1582747973
0
340681680
490808996
1864222494
706232890
1465669508
1961740744
0
1639656670
1464649603
963660127
1567315142
1838768965
2060516895
880465088
2053817013
1416849342
1260011155
0
542420649
1595032109
0
955537771
584314010
892035249
445596475
1068416544
634031654
2090733069
1354978455
